1.27	0.95	-7.14	124.06	54.28	-57.88	-191.81	-64.25	-344.21		 -14.96	-13.63	7.30
1.68	0.96	-9.00	14.43	27.42	-109.69	-191.81	-64.25	-344.21		 -14.98	-13.67	7.32
0.03	1.12	-11.77	21.26	29.58	-68.16	-150.84	-16.91	-371.74		 -14.98	-13.70	7.33
0.02	1.30	-9.58	5.26	10.02	-42.74	-158.29	33.82	-382.07		 -14.99	-13.73	7.34
2.65	0.64	-7.36	65.05	32.01	-37.05	-167.60	52.42	-359.70		 -15.00	-13.78	7.34
-0.99	-0.22	-11.07	55.69	59.68	-31.43	-167.60	52.42	-359.70		 -15.00	-13.80	7.34
0.92	-1.04	-12.72	-0.25	54.76	-48.74	-121.04	77.78	-313.23		 -15.01	-13.84	7.33
0.31	0.50	-9.68	21.31	19.41	-21.29	-113.59	87.93	-354.53		 -15.02	-13.87	7.32
-0.13	0.78	-9.56	16.32	42.37	-78.03	-113.59	87.93	-354.53		 -15.03	-13.90	7.32
0.26	0.83	-9.55	5.77	75.33	-49.39	-119.18	130.20	-397.56		 -15.04	-13.92	7.31
0.32	0.84	-9.85	-10.09	84.82	-17.49	-121.04	131.89	-430.26		 -15.04	-13.95	7.31
1.34	1.90	-10.64	8.16	96.62	-5.50	-158.29	81.16	-433.70		 -15.05	-13.98	7.31
1.93	1.70	-10.10	39.86	40.41	15.65	-158.29	81.16	-433.70		 -15.05	-14.02	7.31
1.77	1.22	-9.43	14.79	66.08	-11.38	-128.49	84.54	-409.60		 -15.06	-14.05	7.31
1.55	0.68	-9.73	41.62	28.12	8.24	-119.18	69.33	-452.63		 -15.06	-14.08	7.31
1.48	0.80	-10.07	-10.64	26.18	1.63	-119.18	69.33	-452.63		 -15.06	-14.11	7.31
1.15	1.59	-9.72	15.71	7.33	9.17	-150.84	74.40	-371.74		 -15.06	-14.15	7.31
0.21	1.05	-10.51	21.90	28.85	0.84	-145.25	93.00	-349.37		 -15.07	-14.18	7.31
-0.40	1.08	-10.31	30.02	37.24	16.27	-145.25	93.00	-349.37		 -15.07	-14.21	7.30
-0.24	1.07	-10.14	28.04	46.20	8.67	-137.80	99.76	-359.70		 -15.08	-14.25	7.30
0.38	1.18	-9.92	-6.03	43.14	24.15	-135.94	87.93	-385.51		 -15.08	-14.28	7.30
-0.04	1.19	-9.24	15.75	44.79	0.78	-165.73	98.07	-347.65		 -15.09	-14.31	7.30
-0.14	1.25	-10.78	22.66	33.39	4.02	-165.73	98.07	-347.65		 -15.09	-14.35	7.29
-0.66	1.26	-9.95	7.51	16.13	60.30	-162.01	94.69	-354.53		 -15.09	-14.38	7.29
-0.08	1.28	-9.70	13.63	49.21	-16.27	-180.63	108.22	-330.44		 -15.10	-14.42	7.29
-0.34	1.09	-9.95	25.61	50.03	-29.22	-180.63	108.22	-330.44		 -15.11	-14.46	7.28
-0.41	1.10	-9.02	22.24	65.91	-8.71	-171.32	116.67	-356.25		 -15.12	-14.49	7.28
-0.33	1.20	-10.10	1.20	43.91	6.70	-162.01	94.69	-368.30		 -15.12	-14.52	7.28
-0.48	1.36	-10.03	11.16	52.21	-10.15	-162.01	94.69	-368.30		 -15.13	-14.55	7.28
0.01	1.23	-9.81	47.25	45.15	-10.40	-175.05	93.00	-342.48		 -15.14	-14.59	7.28
-0.62	0.75	-9.56	45.15	36.18	2.49	-169.46	98.07	-344.21		 -15.14	-14.62	7.28
-0.38	0.84	-10.11	48.29	37.51	-27.57	-147.11	111.60	-357.97		 -15.15	-14.66	7.27
-0.16	0.96	-10.52	18.70	40.60	-53.54	-147.11	111.60	-357.97		 -15.16	-14.69	7.27
-0.04	1.18	-9.48	16.24	46.97	-3.52	-115.46	126.82	-345.93		 -15.17	-14.72	7.26
-0.90	0.32	-10.06	37.16	93.90	-26.95	-139.66	125.13	-344.21		 -15.18	-14.75	7.26
-0.09	-0.29	-11.13	30.84	90.45	-41.86	-139.66	125.13	-344.21		 -15.19	-14.78	7.25
-1.06	-1.42	-10.25	25.79	46.79	-30.08	-111.73	89.62	-394.12		 -15.19	-14.80	7.23
1.43	-0.54	-9.62	38.58	20.61	1.80	-104.28	86.24	-411.33		 -15.19	-14.84	7.22
-0.29	-0.94	-9.64	-5.17	77.86	0.47	-98.70	101.45	-406.16		 -15.19	-14.86	7.21
0.46	-0.41	-10.03	26.68	40.22	30.75	-98.70	101.45	-406.16		 -15.19	-14.88	7.20
1.36	0.37	-10.00	16.43	22.09	31.40	-98.70	81.16	-392.39		 -15.19	-14.92	7.19
-0.75	-1.65	-8.77	27.27	70.63	-3.30	-102.42	98.07	-385.51		 -15.19	-14.94	7.17
0.75	-1.54	-9.69	50.79	90.26	-21.07	-102.42	98.07	-385.51		 -15.20	-14.96	7.16
0.90	-0.91	-10.32	45.44	31.75	-42.75	-102.42	67.64	-416.49		 -15.20	-14.99	7.15
1.08	-0.78	-9.30	35.82	29.53	9.43	-93.11	59.18	-404.44		 -15.20	-15.02	7.14
1.11	-0.75	-9.67	19.23	39.26	25.02	-65.18	57.49	-419.93		 -15.20	-15.04	7.14
1.09	-0.23	-10.05	8.03	16.38	18.84	-65.18	57.49	-419.93		 -15.20	-15.06	7.13
0.52	-0.27	-9.77	14.66	37.06	6.36	-108.01	62.56	-390.67		 -15.20	-15.09	7.12
0.65	-0.24	-10.04	30.04	55.87	-10.80	-104.28	65.94	-397.56		 -15.20	-15.11	7.12
0.84	-0.59	-9.90	16.19	37.17	-4.40	-104.28	65.94	-397.56		 -15.20	-15.14	7.11
0.82	-0.70	-9.98	18.31	41.43	-10.53	-96.83	59.18	-387.23		 -15.20	-15.17	7.10
0.57	-0.44	-10.08	18.39	44.92	-7.97	-104.28	69.33	-401.00		 -15.20	-15.19	7.09
0.50	-0.48	-9.96	17.44	40.20	-5.06	-104.28	69.33	-401.00		 -15.21	-15.22	7.08
0.30	-0.18	-9.75	22.45	51.50	-5.71	-96.83	62.56	-383.79		 -15.21	-15.24	7.08
0.42	-0.47	-10.32	24.25	42.59	-12.95	-108.01	76.09	-411.33		 -15.21	-15.26	7.07
0.43	0.23	-9.79	9.21	45.01	-8.52	-119.18	79.47	-390.67		 -15.21	-15.29	7.06
0.53	-0.08	-9.95	27.92	48.16	-10.16	-119.18	79.47	-390.67		 -15.22	-15.32	7.06
1.04	-0.14	-9.70	22.31	45.70	-9.39	-100.56	82.85	-383.79		 -15.22	-15.35	7.05
1.17	0.01	-9.75	19.47	39.38	-7.13	-100.56	76.09	-387.23		 -15.22	-15.38	7.04
1.13	-0.22	-10.02	27.56	37.06	-13.77	-100.56	76.09	-387.23		 -15.22	-15.41	7.04
0.96	-0.11	-9.55	22.48	61.88	-21.53	-100.56	103.14	-394.12		 -15.23	-15.44	7.03
2.37	-0.04	-10.31	6.03	29.85	-8.90	-102.42	84.54	-385.51		 -15.23	-15.47	7.02
-1.06	0.23	-11.76	18.16	17.96	-2.17	-91.25	111.60	-361.42		 -15.24	-15.50	7.01
-0.06	-0.56	-9.66	24.33	62.95	-0.12	-91.25	111.60	-361.42		 -15.24	-15.53	7.00
-1.79	-0.63	-10.62	13.14	25.37	-18.12	-104.28	106.53	-394.12		 -15.24	-15.55	6.98
-1.25	-0.45	-9.42	15.16	53.55	-13.75	-102.42	131.89	-364.86		 -15.25	-15.57	6.97
-0.18	-0.67	-9.39	28.19	57.69	-13.79	-102.42	131.89	-364.86		 -15.26	-15.60	6.95
0.38	-0.42	-9.26	22.35	46.91	-11.73	-96.83	123.44	-390.67		 -15.26	-15.63	6.94
-0.01	-0.35	-9.40	22.94	44.30	-7.35	-102.42	104.84	-378.63		 -15.26	-15.65	6.93
0.90	-0.54	-9.53	23.79	50.54	-4.36	-76.35	125.13	-388.95		 -15.27	-15.68	6.91
0.35	-0.67	-10.32	20.63	48.53	-7.98	-76.35	125.13	-388.95		 -15.27	-15.71	6.90
1.09	-0.33	-10.84	10.70	50.38	-10.35	-87.52	118.36	-388.95		 -15.28	-15.74	6.89
-1.48	0.06	-11.62	24.27	32.46	-9.87	-81.94	106.53	-383.79		 -15.28	-15.76	6.88
0.14	-0.10	-9.08	19.61	58.71	-2.24	-81.94	106.53	-383.79		 -15.29	-15.79	6.87
-1.16	0.09	-10.15	23.12	33.08	-4.09	-80.07	121.74	-382.07		 -15.29	-15.81	6.86
-0.14	0.08	-8.68	17.97	56.40	-7.68	-80.07	108.22	-375.18		 -15.30	-15.83	6.85
-0.53	-0.12	-9.72	23.70	44.72	-16.04	-78.21	113.29	-373.46		 -15.30	-15.85	6.84
0.10	0.20	-9.08	14.72	53.63	-9.48	-78.21	113.29	-373.46		 -15.31	-15.88	6.83
0.70	-0.05	-9.91	25.77	51.59	-13.34	-89.38	109.91	-394.12		 -15.31	-15.91	6.82
-0.10	0.27	-10.94	18.64	47.16	-7.74	-76.35	101.45	-388.95		 -15.31	-15.93	6.81
-0.71	-0.93	-10.95	27.93	50.48	-9.04	-76.35	101.45	-388.95		 -15.32	-15.95	6.80
-1.20	-0.48	-10.36	11.67	33.02	-11.60	-81.94	130.20	-401.00		 -15.32	-15.97	6.78
-1.91	-0.77	-9.99	21.18	40.81	-13.70	-87.52	114.98	-395.84		 -15.33	-15.99	6.77
-0.42	-0.35	-9.21	19.45	52.89	-12.49	-85.66	103.14	-397.56		 -15.33	-16.01	6.76
-0.24	-0.28	-9.56	18.55	46.36	-14.32	-85.66	103.14	-397.56		 -15.33	-16.03	6.75
-0.16	-0.38	-9.65	20.86	47.39	-11.12	-89.38	113.29	-387.23		 -15.34	-16.06	6.74
0.85	-0.36	-9.42	21.03	49.08	-6.05	-89.38	116.67	-394.12		 -15.34	-16.09	6.72
0.36	-0.34	-9.99	18.31	46.96	-5.78	-89.38	116.67	-394.12		 -15.34	-16.12	6.71
0.75	-0.55	-10.50	18.62	52.33	-8.54	-85.66	109.91	-376.91		 -15.35	-16.14	6.70
-0.63	-0.16	-11.71	19.38	38.67	-4.06	-91.25	121.74	-392.39		 -15.35	-16.17	6.69
-0.85	-0.15	-9.61	27.34	53.94	-13.37	-68.90	118.36	-388.95		 -15.36	-16.19	6.68
-0.13	-0.08	-9.54	29.39	49.49	-13.67	-68.90	118.36	-388.95		 -15.36	-16.21	6.67
-1.00	0.14	-10.84	22.13	37.21	0.93	-70.76	113.29	-394.12		 -15.37	-16.23	6.66
1.08	-0.14	-8.48	26.10	56.41	-6.31	-59.59	109.91	-383.79		 -15.37	-16.26	6.65
0.08	-0.54	-9.58	25.67	36.64	-10.61	-59.59	109.91	-383.79		 -15.37	-16.28	6.63
1.10	-0.24	-8.95	19.23	48.61	-5.87	-54.00	114.98	-375.18		 -15.38	-16.31	6.62
0.29	-0.32	-10.50	29.32	37.62	-15.98	-54.00	125.13	-388.95		 -15.39	-16.34	6.61
0.63	-0.46	-11.54	19.49	43.11	-8.64	-57.73	114.98	-382.07		 -15.39	-16.37	6.60
-0.06	-1.01	-11.02	5.32	39.85	-13.68	-57.73	114.98	-382.07		 -15.39	-16.39	6.58
-0.83	-0.47	-9.34	5.04	59.97	-10.40	-44.69	113.29	-380.35		 -15.40	-16.41	6.57
-0.45	-0.91	-9.20	22.25	47.36	-16.64	-55.87	113.29	-401.00		 -15.40	-16.43	6.55
-0.13	-0.61	-9.22	14.86	47.89	-7.87	-55.87	113.29	-401.00		 -15.41	-16.45	6.54
0.08	-0.73	-9.48	26.43	48.87	-9.02	-46.55	128.51	-395.84		 -15.41	-16.47	6.52
0.65	-0.75	-9.13	19.38	44.30	-2.87	-55.87	113.29	-401.00		 -15.41	-16.50	6.51
0.29	-0.66	-10.30	18.66	32.45	-3.52	-57.73	121.74	-406.16		 -15.42	-16.52	6.50
0.51	-0.48	-10.61	18.11	54.05	-4.71	-57.73	121.74	-406.16		 -15.42	-16.55	6.48
-1.60	-0.36	-12.03	35.30	49.89	0.62	-54.00	125.13	-375.18		 -15.42	-16.57	6.47
0.06	-0.78	-8.99	37.61	73.34	6.48	-35.38	118.36	-382.07		 -15.43	-16.59	6.46
-1.30	-0.54	-10.41	29.14	32.10	-4.29	-35.38	118.36	-382.07		 -15.43	-16.60	6.44
0.07	-0.59	-8.77	9.41	51.29	-1.50	-48.42	106.53	-394.12		 -15.43	-16.63	6.43
0.36	-0.70	-9.06	24.07	42.28	-14.31	-48.42	99.76	-370.02		 -15.44	-16.65	6.42
-0.10	-0.60	-9.75	9.41	40.01	-13.16	-48.42	99.76	-370.02		 -15.44	-16.67	6.40
0.96	-0.43	-10.03	10.95	49.57	-7.50	-31.66	114.98	-357.97		 -15.45	-16.70	6.39
0.31	-0.03	-11.13	10.48	47.39	-9.25	-57.73	108.22	-354.53		 -15.45	-16.72	6.38
-0.77	-1.23	-12.02	25.39	41.30	-20.10	-67.04	109.91	-359.70		 -15.45	-16.74	6.36
-0.97	-0.26	-9.83	6.32	61.88	-8.61	-67.04	109.91	-359.70		 -15.46	-16.76	6.35
-0.18	-0.60	-8.75	17.81	51.32	-24.64	-67.04	109.91	-352.81		 -15.46	-16.79	6.34
-0.10	-0.14	-9.14	5.35	33.72	-15.32	-57.73	108.22	-368.30		 -15.47	-16.81	6.32
-0.17	-0.08	-9.31	16.92	39.87	-11.86	-57.73	108.22	-368.30		 -15.47	-16.83	6.31
0.48	-0.40	-9.25	20.74	43.73	-6.79	-63.31	123.44	-339.04		 -15.48	-16.86	6.30
0.34	-0.31	-10.56	22.39	44.81	-11.09	-65.18	131.89	-344.21		 -15.49	-16.89	6.28
0.65	0.00	-10.53	2.91	65.17	-1.69	-61.45	121.74	-337.32		 -15.49	-16.92	6.27
-1.07	0.69	-12.76	25.02	43.46	-5.21	-61.45	121.74	-337.32		 -15.50	-16.94	6.26
-0.33	-0.11	-9.10	17.74	79.75	6.40	-63.31	116.67	-328.72		 -15.50	-16.96	6.25
-0.38	0.18	-9.17	27.65	48.77	-5.04	-63.31	93.00	-339.04		 -15.50	-16.98	6.24
0.36	0.16	-8.47	20.58	40.89	-6.10	-63.31	93.00	-339.04		 -15.51	-17.01	6.23
0.18	-0.04	-9.52	28.73	39.44	-12.75	-67.04	89.62	-345.93		 -15.51	-17.03	6.22
0.81	0.17	-9.33	19.58	43.46	-9.07	-39.11	111.60	-340.76		 -15.52	-17.06	6.21
0.64	0.06	-10.38	26.80	49.37	-15.18	-39.11	111.60	-340.76		 -15.52	-17.09	6.20
1.37	0.17	-10.79	10.86	60.66	-4.46	-52.14	106.53	-356.25		 -15.53	-17.11	6.19
-0.25	-0.63	-11.67	20.36	48.13	-16.89	-31.66	81.16	-344.21		 -15.53	-17.13	6.18
0.29	-0.26	-9.31	8.17	51.80	-8.35	-55.87	99.76	-349.37		 -15.53	-17.16	6.17
-0.45	-0.48	-9.31	19.85	46.20	-18.89	-55.87	99.76	-349.37		 -15.54	-17.18	6.16
0.61	0.01	-8.85	7.97	36.63	-10.73	-59.59	89.62	-332.16		 -15.54	-17.20	6.15
0.20	0.05	-9.68	13.02	37.80	-8.90	-70.76	123.44	-314.95		 -15.55	-17.23	6.13
0.77	-0.12	-9.35	17.52	47.94	-3.61	-70.76	123.44	-314.95		 -15.55	-17.27	6.12
0.05	0.01	-10.62	28.40	52.06	-3.01	-80.07	121.74	-333.88		 -15.56	-17.29	6.11
-0.62	0.12	-12.53	25.03	39.97	-9.10	-76.35	114.98	-323.55		 -15.56	-17.32	6.10
-0.35	0.35	-10.09	20.94	55.10	8.19	-83.80	125.13	-333.88		 -15.57	-17.35	6.08
-0.92	0.35	-9.79	29.34	43.99	-3.78	-83.80	125.13	-333.88		 -15.58	-17.37	6.07
0.17	0.24	-8.37	21.06	45.86	-5.15	-81.94	113.29	-345.93		 -15.58	-17.40	6.07
0.37	0.33	-9.00	24.31	38.55	-10.71	-50.28	111.60	-340.76		 -15.59	-17.42	6.06
0.16	0.17	-9.68	21.84	37.80	-8.45	-50.28	111.60	-340.76		 -15.59	-17.45	6.05
1.32	0.23	-9.28	20.24	49.29	-6.77	-65.18	121.74	-333.88		 -15.60	-17.48	6.04
0.31	0.05	-10.50	21.86	58.30	-8.55	-59.59	150.49	-359.70		 -15.60	-17.51	6.02
0.67	-0.05	-11.81	26.54	42.54	-11.59	-59.59	150.49	-359.70		 -15.61	-17.54	6.01
-1.10	0.27	-10.99	16.79	30.77	7.84	-55.87	123.44	-339.04		 -15.62	-17.56	6.00
-0.25	-0.04	-9.40	10.57	51.40	-8.36	-55.87	133.58	-352.81		 -15.62	-17.59	5.98
-1.21	0.05	-9.35	17.13	33.06	-11.32	-46.55	128.51	-357.97		 -15.63	-17.60	5.97
0.75	-0.04	-8.74	16.38	47.12	-11.47	-46.55	128.51	-357.97		 -15.63	-17.63	5.96
0.39	-0.04	-9.60	14.79	38.30	-8.58	-50.28	118.36	-354.53		 -15.64	-17.66	5.95
0.96	-0.13	-9.64	16.40	50.51	-6.23	-63.31	157.25	-356.25		 -15.65	-17.69	5.93
-0.10	-0.28	-10.83	3.65	59.13	1.56	-63.31	157.25	-356.25		 -15.65	-17.72	5.91
-1.54	0.49	-11.23	35.72	59.00	-12.89	-67.04	143.73	-390.67		 -15.66	-17.74	5.90
-0.38	0.50	-10.17	35.83	46.78	2.79	-59.59	123.44	-370.02		 -15.66	-17.76	5.90
-0.06	-0.41	-9.80	33.76	48.74	-19.13	-33.52	109.91	-404.44		 -15.67	-17.78	5.89
-0.06	-0.07	-9.31	19.59	30.75	-13.91	-33.52	109.91	-404.44		 -15.67	-17.80	5.88
0.93	-0.01	-9.13	45.02	39.34	20.26	-54.00	128.51	-385.51		 -15.68	-17.83	5.87
0.62	-0.43	-8.64	93.90	47.45	-32.23	0.00	147.11	-442.30		 -15.68	-17.86	5.86
1.54	-1.07	-9.72	9.96	46.62	-7.27	0.00	147.11	-442.30		 -15.69	-17.88	5.84
0.37	-1.01	-10.45	7.81	50.38	-45.10	-7.45	133.58	-438.86		 -15.70	-17.90	5.83
1.01	-0.94	-11.18	17.30	55.27	-8.51	-13.04	108.22	-388.95		 -15.70	-17.93	5.81
-0.43	-1.05	-11.55	1.54	36.85	-5.51	-13.04	108.22	-388.95		 -15.70	-17.95	5.80
0.30	-0.95	-9.51	18.62	49.45	-15.08	-16.76	111.60	-416.49		 -15.71	-17.97	5.78
0.05	-0.96	-9.38	5.64	35.20	-5.36	-22.35	103.14	-421.65		 -15.71	-17.99	5.77
0.83	-0.55	-8.93	15.01	44.30	-10.96	-27.93	114.98	-433.70		 -15.71	-18.01	5.76
0.91	-0.58	-9.36	14.87	32.29	-12.16	-27.93	114.98	-433.70		 -15.72	-18.04	5.74
0.92	-0.38	-9.87	17.65	50.47	-1.99	-50.28	121.74	-433.70		 -15.72	-18.06	5.73
0.61	-0.40	-10.40	24.46	61.66	-3.02	-27.93	104.84	-433.70		 -15.72	-18.09	5.72
0.39	0.28	-11.52	5.65	38.77	1.34	-27.93	104.84	-433.70		 -15.72	-18.11	5.71
-0.61	-0.80	-10.48	37.54	29.88	-10.19	-40.97	109.91	-431.98		 -15.73	-18.13	5.70
-0.48	0.38	-10.56	14.48	39.20	5.49	-42.83	111.60	-444.03		 -15.73	-18.15	5.69
0.05	0.20	-9.02	21.61	46.10	-2.33	-48.42	113.29	-428.54		 -15.73	-18.17	5.69
0.22	-0.09	-9.42	28.72	42.69	-8.93	-48.42	113.29	-428.54		 -15.74	-18.19	5.68
0.22	-0.14	-9.69	25.62	43.37	-17.92	-55.87	99.76	-445.75		 -15.74	-18.21	5.67
0.82	-0.04	-9.88	23.91	48.03	-26.17	-37.24	113.29	-435.42		 -15.75	-18.23	5.66
0.50	0.14	-10.08	11.67	53.96	-19.70	-37.24	113.29	-435.42		 -15.75	-18.26	5.65
0.38	-0.20	-10.98	32.68	48.88	-26.87	-31.66	94.69	-440.58		 -15.76	-18.28	5.65
0.35	-0.20	-10.74	15.05	40.10	-24.99	-24.21	87.93	-457.79		 -15.76	-18.30	5.64
-0.50	-0.66	-9.43	13.05	52.57	-24.45	-24.21	87.93	-457.79		 -15.76	-18.31	5.63
-0.38	-0.85	-9.78	19.03	32.37	-26.87	-37.24	103.14	-445.75		 -15.77	-18.33	5.62
-0.47	-0.36	-9.45	16.39	39.33	-6.52	-40.97	106.53	-411.33		 -15.77	-18.35	5.61
-0.47	-0.58	-10.13	23.30	45.21	-17.91	-40.97	99.76	-425.09		 -15.77	-18.37	5.60
-1.74	-0.87	-10.95	21.27	43.68	-0.85	-40.97	99.76	-425.09		 -15.77	-18.38	5.58
0.18	0.21	-9.71	18.30	49.54	-12.08	-37.24	113.29	-445.75		 -15.78	-18.40	5.58
-0.24	-0.47	-9.78	24.22	43.38	-7.13	-42.83	104.84	-423.37		 -15.78	-18.42	5.56
0.04	-0.25	-10.11	18.28	39.92	-15.28	-42.83	104.84	-423.37		 -15.79	-18.44	5.55
0.10	-0.22	-9.90	18.86	44.57	-18.75	-42.83	135.27	-426.82		 -15.79	-18.46	5.54
0.13	-0.52	-9.95	23.23	44.43	-23.99	-37.24	116.67	-428.54		 -15.80	-18.48	5.53
0.19	-0.95	-10.07	19.97	43.29	-35.67	-9.31	128.51	-450.91		 -15.80	-18.51	5.52
0.24	-0.81	-10.12	18.06	43.06	-53.54	-9.31	128.51	-450.91		 -15.81	-18.53	5.50
-0.01	-0.72	-10.03	22.25	47.43	-62.87	-18.62	130.20	-435.42		 -15.82	-18.55	5.49
-0.19	-0.63	-9.86	20.89	45.09	-76.20	-3.72	136.96	-442.30		 -15.83	-18.57	5.48
-0.16	-0.76	-9.87	16.66	45.87	-85.49	-3.72	136.96	-442.30		 -15.84	-18.59	5.47
-0.40	-0.86	-10.18	20.82	50.66	-89.04	18.62	140.34	-442.30		 -15.85	-18.60	5.46
-0.65	-0.80	-10.14	29.99	48.80	-96.29	46.55	158.94	-437.14		 -15.87	-18.62	5.44
-0.38	-0.29	-10.12	25.68	43.14	-105.80	91.25	142.04	-454.35		 -15.89	-18.63	5.44
-0.11	0.19	-9.29	11.36	45.88	-101.23	91.25	142.04	-454.35		 -15.90	-18.65	5.43
-0.33	0.15	-9.47	27.49	48.99	-110.66	115.46	109.91	-442.30		 -15.92	-18.66	5.43
-2.13	0.06	-12.10	10.39	12.26	-89.34	137.80	96.38	-456.07		 -15.93	-18.67	5.43
0.12	0.58	-9.87	1.69	28.88	-42.69	137.80	96.38	-456.07		 -15.95	-18.69	5.43
0.17	-0.02	-9.83	33.30	42.38	-26.28	139.66	121.74	-423.37		 -15.96	-18.70	5.42
0.27	0.09	-10.48	12.95	40.50	-21.76	135.94	121.74	-444.03		 -15.97	-18.72	5.42
0.14	-0.10	-10.01	16.11	44.35	-19.25	135.94	118.36	-437.14		 -15.98	-18.74	5.41
0.23	0.03	-9.90	16.33	52.93	-8.55	135.94	118.36	-437.14		 -15.98	-18.75	5.41
0.24	0.15	-9.75	19.95	51.02	-4.26	156.42	116.67	-418.21		 -15.99	-18.77	5.40
-0.55	-0.22	-10.09	29.61	44.91	-5.83	135.94	111.60	-426.82		 -16.00	-18.78	5.40
0.61	-0.05	-9.94	25.54	43.85	-10.51	135.94	111.60	-426.82		 -16.01	-18.80	5.39
0.42	0.12	-9.80	14.49	35.33	-6.34	134.08	113.29	-431.98		 -16.02	-18.82	5.39
0.48	-0.04	-9.64	26.29	48.34	-7.10	147.11	114.98	-419.93		 -16.03	-18.84	5.38
0.75	0.14	-9.65	17.99	46.03	-15.86	169.46	121.74	-426.82		 -16.04	-18.86	5.38
0.65	0.12	-10.01	23.87	50.28	-16.59	169.46	121.74	-426.82		 -16.05	-18.87	5.37
0.80	0.08	-10.86	16.91	50.96	-11.91	156.42	109.91	-438.86		 -16.05	-18.89	5.37
-0.41	-0.40	-11.08	17.84	49.84	-13.28	165.73	104.84	-416.49		 -16.06	-18.90	5.36
-0.87	-0.07	-10.26	12.53	51.35	-15.66	165.73	104.84	-416.49		 -16.07	-18.91	5.36
-1.40	-0.33	-9.84	19.35	43.88	-11.03	154.56	91.31	-406.16		 -16.08	-18.92	5.35
-0.90	-0.49	-9.68	16.36	43.17	-13.34	171.32	93.00	-414.77		 -16.09	-18.93	5.35
0.01	-0.23	-9.31	18.97	48.56	-12.24	152.70	96.38	-421.65		 -16.10	-18.95	5.34
0.24	-0.23	-9.20	15.50	46.10	-11.24	152.70	96.38	-421.65		 -16.10	-18.96	5.34
0.30	-0.17	-9.75	16.30	49.46	-11.99	167.60	93.00	-431.98		 -16.11	-18.98	5.33
0.06	-0.22	-10.25	26.63	59.49	-9.56	154.56	81.16	-419.93		 -16.12	-18.99	5.33
-0.67	0.15	-11.98	6.96	35.70	-6.13	154.56	81.16	-419.93		 -16.12	-19.00	5.33
-0.60	0.45	-10.41	25.41	51.19	-9.09	160.15	93.00	-411.33		 -16.13	-19.02	5.33
-0.06	0.05	-9.60	16.59	51.25	-5.69	173.18	91.31	-426.82		 -16.14	-19.03	5.32
-1.01	0.48	-10.16	15.06	41.33	-2.71	173.18	91.31	-426.82		 -16.15	-19.04	5.32
0.25	0.31	-8.57	26.08	50.23	-9.21	147.11	74.40	-395.84		 -16.16	-19.05	5.32
-0.09	0.25	-9.73	23.82	43.92	-10.38	165.73	101.45	-416.49		 -16.16	-19.07	5.32
0.85	0.45	-9.17	22.82	53.87	-11.84	150.84	77.78	-402.72		 -16.17	-19.09	5.32
0.27	0.12	-10.53	25.32	49.90	-15.91	150.84	77.78	-402.72		 -16.18	-19.10	5.32
0.61	0.34	-11.41	20.42	48.99	-11.43	176.91	77.78	-409.60		 -16.19	-19.12	5.32
-0.03	-0.11	-10.87	14.44	42.93	-7.06	173.18	77.78	-416.49		 -16.19	-19.13	5.32
-0.17	-0.03	-9.16	17.59	53.53	-15.40	173.18	77.78	-416.49		 -16.20	-19.14	5.31
-0.47	-0.28	-9.42	13.47	43.90	-16.02	158.29	71.02	-399.28		 -16.21	-19.16	5.31
0.31	-0.15	-8.43	15.56	45.38	-10.25	167.60	76.09	-411.33		 -16.22	-19.17	5.31
-0.08	-0.08	-9.48	18.07	39.32	-6.81	167.60	76.09	-411.33		 -16.22	-19.19	5.31
0.88	-0.08	-9.23	24.42	49.91	-3.20	156.42	72.71	-431.98		 -16.23	-19.20	5.30
0.67	-0.13	-10.25	21.37	53.67	-3.11	160.15	93.00	-425.09		 -16.24	-19.22	5.30
0.75	0.02	-10.65	24.73	44.88	-12.57	160.15	86.24	-435.42		 -16.24	-19.24	5.30
-0.25	0.48	-10.92	26.86	33.78	-5.96	160.15	86.24	-435.42		 -16.25	-19.25	5.30
-0.28	-0.25	-9.68	27.38	49.32	-7.03	163.87	96.38	-431.98		 -16.26	-19.27	5.29
-1.10	0.26	-9.97	11.74	37.81	1.86	163.87	82.85	-438.86		 -16.26	-19.28	5.29
0.40	0.23	-8.18	21.18	47.42	-9.01	163.87	82.85	-438.86		 -16.27	-19.29	5.29
0.03	0.05	-9.59	27.85	47.50	-3.12	175.05	103.14	-425.09		 -16.28	-19.31	5.29
0.82	0.26	-9.21	13.60	51.16	-8.16	165.73	98.07	-444.03		 -16.29	-19.32	5.29
0.55	0.21	-10.50	27.72	50.59	-11.15	165.73	98.07	-444.03		 -16.29	-19.34	5.29
0.58	0.04	-11.40	17.97	42.41	-4.94	158.29	101.45	-433.70		 -16.30	-19.36	5.28
-0.24	-0.47	-10.56	11.95	55.27	-11.45	163.87	99.76	-428.54		 -16.31	-19.37	5.28
-0.57	-0.36	-9.92	22.48	47.04	-18.14	162.01	91.31	-444.03		 -16.32	-19.38	5.27
-0.80	-0.28	-9.54	10.67	40.17	-17.40	162.01	91.31	-444.03		 -16.32	-19.39	5.27
0.56	0.08	-8.38	18.30	51.80	-12.74	158.29	94.69	-447.47		 -16.33	-19.41	5.26
0.09	-0.04	-9.31	8.93	39.70	-3.86	158.29	81.16	-464.68		 -16.34	-19.43	5.26
0.70	-0.10	-9.41	24.36	53.38	-4.66	158.29	81.16	-464.68		 -16.34	-19.44	5.26
0.66	-0.15	-10.41	21.72	57.91	-2.32	160.15	86.24	-466.40		 -16.35	-19.46	5.25
0.25	0.23	-12.28	16.34	35.55	-1.89	162.01	71.02	-471.56		 -16.35	-19.48	5.25
-0.31	0.43	-10.28	30.52	49.15	-2.81	162.01	71.02	-471.56		 -16.36	-19.49	5.26
-0.56	0.02	-9.66	23.90	39.83	-10.77	154.56	81.16	-478.45		 -16.37	-19.50	5.25
-0.63	0.33	-9.53	14.79	35.99	-4.04	162.01	77.78	-464.68		 -16.37	-19.51	5.25
0.55	0.22	-8.64	33.29	47.12	-7.74	162.01	84.54	-475.00		 -16.38	-19.53	5.25
0.22	0.26	-9.32	23.10	46.42	-8.92	162.01	84.54	-475.00		 -16.39	-19.54	5.25
1.15	0.43	-9.19	20.50	53.28	-9.45	167.60	86.24	-466.40		 -16.39	-19.56	5.25
-0.15	-0.14	-10.82	17.79	51.38	-10.90	165.73	84.54	-488.77		 -16.40	-19.58	5.25
-1.30	-0.59	-12.53	20.20	55.06	-4.01	165.73	84.54	-488.77		 -16.41	-19.58	5.25
-0.52	-0.15	-10.42	12.21	50.51	1.95	162.01	91.31	-475.00		 -16.41	-19.60	5.24
-0.90	-0.51	-10.01	18.27	37.41	-14.24	143.39	71.02	-475.00		 -16.42	-19.61	5.24
0.23	-0.03	-8.65	9.71	46.41	-11.92	143.39	71.02	-475.00		 -16.42	-19.62	5.23
0.09	-0.23	-9.17	18.48	47.84	-10.73	145.25	96.38	-476.73		 -16.43	-19.64	5.23
0.53	-0.18	-9.26	22.10	51.36	-6.36	139.66	71.02	-488.77		 -16.43	-19.66	5.23
0.55	-0.29	-10.09	20.17	56.75	-2.03	156.42	79.47	-493.94		 -16.44	-19.67	5.22
0.91	-0.09	-10.15	21.89	38.25	-21.58	156.42	79.47	-493.94		 -16.44	-19.69	5.22
0.01	0.41	-10.88	19.12	35.43	-6.73	163.87	59.18	-497.38		 -16.45	-19.71	5.22
-1.16	0.39	-10.71	26.57	50.52	3.58	160.15	72.71	-500.82		 -16.46	-19.71	5.23
-0.39	0.42	-9.25	20.89	57.56	-14.97	160.15	72.71	-500.82		 -16.46	-19.72	5.23
0.85	0.01	-7.99	27.10	49.54	-13.83	134.08	52.42	-497.38		 -16.47	-19.74	5.23
-0.06	-0.04	-9.50	19.94	39.63	-15.62	150.84	47.35	-505.98		 -16.47	-19.76	5.23
0.92	0.31	-8.92	16.14	50.17	-14.80	150.84	47.35	-505.98		 -16.48	-19.78	5.23
0.62	0.27	-10.08	19.74	47.50	-21.59	143.39	33.82	-492.21		 -16.48	-19.79	5.23
1.06	0.49	-10.23	18.27	57.14	-17.76	147.11	30.44	-492.21		 -16.49	-19.81	5.24
-1.51	-0.45	-12.43	20.02	39.71	-19.58	145.25	21.98	-500.82		 -16.49	-19.82	5.24
-0.10	0.20	-10.31	12.09	56.66	-21.46	145.25	21.98	-500.82		 -16.50	-19.83	5.24
-2.35	-0.65	-11.63	20.02	37.87	-17.24	139.66	16.91	-495.66		 -16.50	-19.83	5.24
-0.58	0.00	-9.10	19.19	53.94	-15.26	137.80	8.45	-490.49		 -16.51	-19.84	5.25
-0.61	0.15	-9.90	24.41	50.09	-7.48	137.80	8.45	-490.49		 -16.51	-19.85	5.25
-0.31	0.11	-9.67	16.65	44.33	-3.59	137.80	5.07	-487.05		 -16.51	-19.86	5.25
0.52	0.12	-8.78	30.46	48.48	-7.29	130.35	11.84	-483.61		 -16.52	-19.88	5.26
-0.22	-0.36	-10.27	18.87	40.48	-11.50	130.35	11.84	-483.61		 -16.52	-19.89	5.26
-0.04	-1.01	-9.91	22.96	51.28	-31.93	134.08	15.22	-476.73		 -16.52	-19.91	5.26
-0.17	-1.30	-10.11	20.59	44.11	-72.23	148.98	-5.07	-497.38		 -16.53	-19.92	5.26
-0.38	-0.79	-10.09	28.41	47.37	-98.35	134.08	1.69	-483.61		 -16.54	-19.93	5.26
-0.08	-0.18	-9.57	17.07	54.56	-121.22	134.08	1.69	-483.61		 -16.55	-19.94	5.27
0.07	-0.15	-9.89	33.41	50.03	-141.32	130.35	-38.89	-490.49		 -16.57	-19.95	5.28
-0.78	0.13	-9.94	23.45	41.02	-154.98	139.66	-67.64	-471.56		 -16.58	-19.96	5.30
-1.30	0.33	-10.78	9.00	31.52	-135.36	91.25	-87.93	-478.45		 -16.59	-19.97	5.31
0.30	0.94	-8.97	2.78	45.19	-100.53	91.25	-87.93	-478.45		 -16.61	-19.98	5.33
0.05	0.77	-10.11	25.82	46.68	-74.33	59.59	-86.24	-466.40		 -16.61	-19.99	5.35
-0.37	0.83	-10.44	22.93	46.31	-54.35	29.79	-72.71	-493.94		 -16.62	-20.01	5.37
1.00	1.47	-10.18	12.96	49.71	-32.18	29.79	-72.71	-493.94		 -16.63	-20.02	5.38
0.78	1.02	-9.65	24.83	52.06	-7.00	27.93	-98.07	-471.56		 -16.63	-20.04	5.40
0.51	0.23	-9.90	23.51	41.92	-11.28	35.38	-81.16	-492.21		 -16.63	-20.05	5.42
0.74	0.44	-9.87	25.45	49.00	-11.80	35.38	-81.16	-492.21		 -16.64	-20.07	5.43
0.76	0.35	-9.48	15.30	41.99	-6.29	44.69	-82.85	-493.94		 -16.64	-20.09	5.44
0.45	0.37	-10.65	26.52	39.36	-11.46	48.42	-99.76	-500.82		 -16.64	-20.10	5.46
1.63	0.73	-9.15	23.59	38.99	-13.52	42.83	-84.54	-485.33		 -16.65	-20.13	5.47
0.99	0.64	-10.04	16.37	44.40	-3.42	42.83	-84.54	-485.33		 -16.65	-20.14	5.49
1.54	0.60	-9.69	27.84	54.61	-7.93	52.14	-93.00	-487.05		 -16.65	-20.16	5.50
1.00	0.43	-10.59	23.83	55.71	-7.24	54.00	-87.93	-495.66		 -16.65	-20.18	5.52
0.39	0.02	-12.14	31.41	38.96	-11.08	54.00	-87.93	-495.66		 -16.65	-20.19	5.53
0.17	0.23	-10.33	7.51	55.31	-13.53	70.76	-96.38	-490.49		 -16.66	-20.21	5.54
-0.03	-0.33	-9.38	30.01	45.38	-21.29	48.42	-109.91	-456.07		 -16.66	-20.22	5.56
-0.31	-0.28	-9.58	10.43	42.95	-17.15	48.42	-109.91	-456.07		 -16.66	-20.23	5.57
1.03	0.03	-8.46	24.54	51.20	-16.95	57.73	-101.45	-457.79		 -16.66	-20.25	5.59
0.63	-0.06	-9.21	9.16	38.66	-12.57	35.38	-125.13	-468.12		 -16.66	-20.27	5.60
1.30	0.08	-9.05	19.56	45.72	-8.60	39.11	-118.36	-454.35		 -16.66	-20.29	5.62
1.20	-0.09	-10.45	22.50	50.48	-12.26	39.11	-118.36	-454.35		 -16.66	-20.31	5.63
1.18	0.44	-11.55	16.72	39.13	-6.93	39.11	-131.89	-471.56		 -16.67	-20.33	5.65
0.42	0.86	-10.91	34.26	61.82	-1.56	52.14	-130.20	-462.96		 -16.67	-20.35	5.67
0.42	0.10	-9.25	25.25	30.49	-17.72	52.14	-130.20	-462.96		 -16.67	-20.36	5.69
-0.47	0.28	-10.12	4.39	60.53	1.07	61.45	-131.89	-454.35		 -16.67	-20.38	5.71
1.39	0.48	-7.71	22.29	46.24	-16.21	57.73	-142.04	-450.91		 -16.67	-20.40	5.73
0.69	0.13	-9.34	28.17	44.20	0.70	57.73	-142.04	-450.91		 -16.67	-20.42	5.75
1.83	0.47	-9.08	17.99	57.46	-15.09	78.21	-136.96	-449.19		 -16.67	-20.44	5.77
1.58	0.68	-10.64	23.13	53.17	-12.83	80.07	-121.74	-447.47		 -16.68	-20.46	5.79
0.81	0.33	-13.06	21.80	37.88	4.42	67.04	-147.11	-428.54		 -16.67	-20.48	5.81
0.29	-0.33	-10.46	22.83	55.23	-10.56	67.04	-147.11	-428.54		 -16.67	-20.50	5.82
-0.91	-0.90	-10.11	21.08	33.23	-18.80	61.45	-142.04	-426.82		 -16.67	-20.51	5.84
0.44	-0.23	-8.44	7.26	54.17	-20.60	67.04	-116.67	-421.65		 -16.67	-20.52	5.85
0.93	0.25	-8.68	8.04	46.43	-7.82	67.04	-116.67	-421.65		 -16.67	-20.54	5.87
0.97	0.22	-9.62	20.13	41.20	-9.36	67.04	-130.20	-414.77		 -16.68	-20.56	5.89
1.74	0.26	-9.66	20.16	54.77	-7.34	68.90	-135.27	-426.82		 -16.68	-20.59	5.90
1.62	0.41	-11.35	24.56	50.35	-13.36	68.90	-135.27	-426.82		 -16.68	-20.61	5.92
-0.14	0.65	-11.84	21.92	61.38	-9.41	78.21	-123.44	-421.65		 -16.68	-20.62	5.94
0.89	0.69	-9.46	16.20	55.25	-11.20	87.52	-142.04	-416.49		 -16.68	-20.64	5.97
0.56	0.57	-9.33	22.77	37.19	-6.45	72.63	-142.04	-416.49		 -16.68	-20.66	5.99
1.80	0.32	-7.93	32.21	29.37	-8.61	72.63	-142.04	-416.49		 -16.68	-20.68	6.01
1.25	0.16	-10.00	29.62	22.79	4.52	81.94	-126.82	-431.98		 -16.68	-20.71	6.03
2.35	0.44	-9.00	29.56	69.03	-14.22	93.11	-130.20	-421.65		 -16.68	-20.73	6.05
1.57	0.44	-11.06	18.28	53.15	-6.42	93.11	-130.20	-421.65		 -16.68	-20.75	6.07
0.39	-0.63	-13.15	27.14	32.51	-8.73	106.14	-135.27	-430.26		 -16.68	-20.77	6.08
1.02	-0.38	-9.75	19.07	68.52	-15.72	111.73	-136.96	-397.56		 -16.68	-20.78	6.10
0.28	-0.45	-9.46	18.49	26.21	-16.24	108.01	-126.82	-421.65		 -16.68	-20.80	6.11
1.66	0.44	-7.56	-0.57	61.04	-12.72	108.01	-126.82	-421.65		 -16.68	-20.83	6.13
1.49	0.29	-9.20	24.38	40.12	-8.07	87.52	-145.42	-416.49		 -16.68	-20.85	6.15
2.39	-0.03	-9.07	23.93	44.32	-6.47	98.70	-138.65	-399.28		 -16.68	-20.88	6.17
1.75	-0.50	-10.88	25.75	52.86	3.90	98.70	-138.65	-399.28		 -16.67	-20.90	6.19
1.54	0.21	-12.07	27.47	11.20	-9.31	124.77	-135.27	-416.49		 -16.67	-20.92	6.20
0.13	0.44	-11.19	26.21	43.37	1.63	122.90	-113.29	-383.79		 -16.67	-20.94	6.22
-0.01	0.42	-9.70	29.20	48.65	8.76	122.90	-113.29	-383.79		 -16.67	-20.95	6.24
0.84	-0.13	-8.08	21.80	39.96	-7.45	121.04	-125.13	-368.30		 -16.67	-20.97	6.26
0.81	-0.18	-8.45	22.16	26.76	-8.16	134.08	-106.53	-373.46		 -16.67	-20.99	6.27
1.36	0.24	-9.12	13.01	40.82	-7.39	117.32	-101.45	-361.42		 -16.67	-21.02	6.29
1.41	0.04	-10.57	25.11	33.36	-18.45	117.32	-101.45	-361.42		 -16.67	-21.04	6.31
0.32	0.45	-12.92	7.15	20.37	-2.00	122.90	-96.38	-349.37		 -16.66	-21.05	6.32
-0.21	-0.41	-11.33	4.36	50.13	-8.66	111.73	-82.85	-363.14		 -16.66	-21.07	6.33
-0.96	-0.49	-10.17	40.13	62.97	-24.12	111.73	-82.85	-363.14		 -16.66	-21.08	6.35
0.27	0.25	-8.65	-0.52	48.97	-18.39	121.04	-84.54	-395.84		 -16.67	-21.09	6.36
0.67	0.32	-8.49	25.47	56.39	-20.58	108.01	-103.14	-376.91		 -16.67	-21.11	6.38
1.05	0.13	-8.79	22.48	49.12	-7.85	94.97	-87.93	-402.72		 -16.67	-21.13	6.39
1.19	0.10	-10.41	16.33	56.08	-5.95	94.97	-87.93	-402.72		 -16.67	-21.15	6.41
1.05	0.05	-11.97	37.01	42.79	-18.52	108.01	-103.14	-394.12		 -16.67	-21.16	6.42
-0.01	0.52	-10.92	20.65	46.50	1.91	119.18	-99.76	-394.12		 -16.67	-21.18	6.44
-0.17	0.44	-9.64	20.71	36.90	-4.14	119.18	-99.76	-394.12		 -16.67	-21.19	6.46
0.16	0.50	-9.28	10.73	30.29	4.68	113.59	-101.45	-409.60		 -16.67	-21.21	6.47
1.12	0.12	-8.11	29.96	43.66	-7.35	102.42	-84.54	-395.84		 -16.67	-21.23	6.49
0.80	0.39	-9.25	14.99	37.86	-6.97	102.42	-84.54	-395.84		 -16.67	-21.25	6.50
1.56	0.55	-9.56	30.72	59.01	-10.99	109.87	-81.16	-395.84		 -16.68	-21.27	6.52
1.16	0.69	-12.21	6.61	50.70	-1.96	93.11	-89.62	-418.21		 -16.68	-21.29	6.53
-0.30	-0.94	-11.50	31.04	52.37	-9.91	108.01	-86.24	-401.00		 -16.68	-21.30	6.54
-0.08	-0.87	-9.78	36.21	39.39	-18.20	108.01	-86.24	-401.00		 -16.68	-21.31	6.55
-0.46	-0.24	-9.07	-20.02	39.32	-20.28	126.63	-76.09	-428.54		 -16.68	-21.33	6.56
1.35	0.62	-7.70	17.46	52.16	-14.47	102.42	-94.69	-388.95		 -16.68	-21.35	6.58
0.31	0.15	-9.98	18.00	39.39	2.56	102.42	-94.69	-388.95		 -16.68	-21.37	6.60
1.28	0.03	-9.76	18.71	62.53	1.71	100.56	-96.38	-407.88		 -16.68	-21.38	6.61
1.11	-0.10	-10.83	26.13	59.30	-1.24	93.11	-93.00	-394.12		 -16.68	-21.40	6.62
0.26	0.66	-12.15	15.21	26.73	-18.91	104.28	-103.14	-394.12		 -16.68	-21.42	6.64
0.05	1.26	-9.19	6.80	49.04	0.55	104.28	-103.14	-394.12		 -16.69	-21.43	6.66
0.20	0.55	-9.21	26.17	37.91	-10.78	93.11	-89.62	-401.00		 -16.69	-21.45	6.68
0.92	0.25	-7.88	26.29	38.13	-10.28	106.14	-91.31	-402.72		 -16.69	-21.47	6.70
0.49	0.48	-9.46	20.28	45.67	-11.54	106.14	-91.31	-402.72		 -16.69	-21.49	6.71
1.81	0.61	-9.35	29.66	50.14	-20.68	109.87	-87.93	-392.39		 -16.69	-21.51	6.73
0.70	0.59	-11.23	12.71	61.75	-11.48	93.11	-86.24	-397.56		 -16.70	-21.52	6.75
-0.08	-0.32	-11.92	28.53	52.44	-8.54	93.11	-86.24	-397.56		 -16.70	-21.54	6.76
0.19	-0.21	-9.93	23.39	42.69	-15.49	111.73	-96.38	-397.56		 -16.70	-21.55	6.77
-0.35	-0.26	-9.92	12.65	40.30	-15.20	94.97	-84.54	-409.60		 -16.70	-21.57	6.78
1.25	0.20	-7.67	19.52	53.70	-13.09	83.80	-77.78	-416.49		 -16.70	-21.59	6.80
0.47	-0.20	-9.30	10.02	34.04	-10.75	83.80	-77.78	-416.49		 -16.70	-21.61	6.81
1.38	-0.02	-8.98	18.38	56.03	-7.39	81.94	-65.94	-414.77		 -16.71	-21.63	6.82
0.89	-0.38	-10.73	36.99	53.11	-3.71	80.07	-64.25	-433.70		 -16.71	-21.64	6.83
-0.10	0.27	-12.95	18.33	33.71	-4.78	80.07	-64.25	-433.70		 -16.71	-21.66	6.84
-0.49	0.40	-10.30	19.89	46.34	-0.18	87.52	-64.25	-454.35		 -16.71	-21.67	6.85
-1.20	0.63	-10.84	4.98	38.55	2.83	72.63	-47.34	-457.79		 -16.71	-21.68	6.86
0.04	0.13	-8.61	34.81	57.35	-17.17	72.63	-47.34	-457.79		 -16.72	-21.69	6.87
0.68	0.08	-8.65	26.10	48.51	-13.68	78.21	-45.65	-473.28		 -16.72	-21.71	6.88
0.56	0.29	-9.26	22.00	51.61	-17.01	80.07	-57.49	-475.00		 -16.72	-21.73	6.90
1.64	0.64	-9.12	24.85	53.37	-23.93	65.18	-47.34	-478.45		 -16.73	-21.75	6.91
1.54	0.66	-10.41	13.27	57.40	-17.47	65.18	-47.34	-478.45		 -16.73	-21.77	6.92
0.09	0.30	-13.19	13.16	51.06	0.37	46.55	-71.02	-495.66		 -16.74	-21.78	6.93
0.56	0.18	-8.85	-5.29	46.39	-18.36	13.04	-67.64	-502.54		 -16.74	-21.80	6.94
-1.39	-0.65	-10.82	47.79	11.37	-34.75	13.04	-67.64	-502.54		 -16.74	-21.81	6.95
-0.72	-0.05	-9.47	6.07	43.11	-19.15	1.86	-43.96	-547.29		 -16.75	-21.82	6.96
-0.23	0.52	-9.08	19.15	44.69	-19.08	-18.62	-49.04	-538.68		 -16.75	-21.83	6.97
-1.33	0.12	-10.69	10.97	34.17	-4.74	-18.62	-49.04	-538.68		 -16.75	-21.84	6.97
-0.16	0.19	-9.45	27.69	60.49	1.85	-26.07	-45.65	-562.78		 -16.76	-21.85	6.98
0.11	0.72	-9.63	18.71	46.78	-6.44	-14.90	-59.18	-576.54		 -16.76	-21.87	6.99
0.01	0.57	-9.49	29.37	47.41	-7.03	-26.07	-55.80	-559.33		 -16.76	-21.88	7.01
0.08	0.45	-10.05	24.84	40.65	-6.63	-26.07	-55.80	-559.33		 -16.77	-21.90	7.02
-0.19	0.30	-9.82	22.38	42.25	-7.59	0.00	-69.33	-586.87		 -16.77	-21.91	7.03
0.01	0.49	-9.96	15.34	38.28	-8.13	-13.04	-57.49	-574.82		 -16.77	-21.93	7.04
0.02	0.59	-10.11	20.32	37.96	-11.47	-13.04	-57.49	-574.82		 -16.78	-21.94	7.05
-0.15	0.25	-9.80	19.15	40.64	-11.73	-14.90	-38.89	-597.20		 -16.78	-21.96	7.06
-0.12	0.39	-9.81	19.97	38.11	-12.24	-9.31	-37.20	-602.36		 -16.79	-21.97	7.07
0.03	0.58	-10.23	15.89	48.65	-14.67	-9.31	-37.20	-602.36		 -16.79	-21.99	7.08
0.18	0.40	-10.04	14.82	44.78	-23.77	-22.35	-25.36	-586.87		 -16.80	-22.00	7.08
-0.12	0.44	-9.87	20.18	46.73	-15.06	-33.52	-28.75	-597.20		 -16.80	-22.02	7.09
-0.01	0.44	-10.04	26.74	50.46	-10.99	-31.66	-27.05	-588.59		 -16.80	-22.03	7.10
0.04	0.37	-10.06	18.04	56.14	-6.50	-31.66	-27.05	-588.59		 -16.81	-22.04	7.11
-0.01	0.33	-9.78	22.30	49.81	-12.03	-35.38	-43.96	-609.24		 -16.81	-22.06	7.12
-0.02	0.52	-9.91	21.93	49.56	-7.71	-26.07	-52.42	-593.76		 -16.81	-22.07	7.13
0.25	0.12	-9.90	28.30	32.37	-13.34	-26.07	-52.42	-593.76		 -16.82	-22.09	7.14
-0.32	-0.17	-10.40	27.79	35.97	-24.93	-27.93	-33.82	-612.69		 -16.82	-22.10	7.14
0.20	0.18	-9.12	16.54	54.73	-42.27	-5.59	-30.44	-598.92		 -16.83	-22.12	7.15
0.03	0.22	-10.09	25.85	52.12	-52.76	-18.62	-25.36	-600.64		 -16.84	-22.13	7.16
-0.33	-0.32	-10.54	33.38	38.74	-79.44	-18.62	-25.36	-600.64		 -16.84	-22.15	7.17
0.19	-0.28	-9.34	12.60	58.02	-90.05	1.86	-27.05	-616.13		 -16.85	-22.16	7.17
-0.81	0.04	-11.02	1.37	67.57	-123.31	-31.66	-20.29	-633.34		 -16.87	-22.17	7.18